gcc -o lru lru.c
gcc -o fifo fifo.c
gcc -o sec_chance secondchance.c 
----------FIFO----------
7
49
23
8
30
22
44
28
9
40
15
42
37
3
27
29
12
19
7
10
33
49
28
16
35
47
26
12
17
29
21
22
43
36
45
28
41
44
7
1
3
8
18
40
24
46
30
22
16
49
1
3
27
8
28
33
48
31
35
13
15
14
36
25
19
44
29
1
17
45
5
4
48
38
23
32
2
16
37
44
----------End FIFO----------

----------LRU----------
7
49
23
8
30
22
44
28
9
40
15
42
37
3
27
29
12
19
7
10
33
49
28
16
35
47
26
12
17
29
49
21
22
43
36
35
45
28
41
44
7
1
3
8
18
40
24
46
30
22
16
49
1
27
8
28
33
48
31
35
13
15
14
36
25
19
44
29
1
17
45
5
4
48
38
23
32
2
16
37
44
----------End LRU----------

----------Second Chance----------
7
49
23
8
30
22
44
28
9
40
15
42
37
3
27
29
12
19
9
7
10
33
49
28
16
35
47
26
12
17
10
29
49
21
22
43
36
35
45
28
41
44
7
1
3
8
18
40
24
46
30
22
16
49
1
27
8
28
33
48
31
35
13
15
14
36
25
19
44
29
1
17
45
5
4
48
38
23
32
2
16
37
44
----------End Second Chance----------
FIFO 10K Test with cache size = 10, 50, 100, 250, 500
    9916
    9515
    9018
    7534
    5130

LRU 10K Test with cache size = 10, 50, 100, 250, 500
    9915
    9510
    9029
    7532
    5206

Second Chance 10K Test with cache size = 10, 50, 100, 250, 500
    9915
    9510
    9022
    7526
    5178

rm -f *.out lru fifo second_chance

